keep_inventory:0
teleports:[[103.3,65.62,174.7,194.854,5.74111,"Glow Obsidian House",0],[97.9306,64.62,132.537,174.035,4.67845,"Transparency",1],[178.122,65.6825,33.0245,180.879,-4.3512,"Reclinings",2],[141.374,66.3767,65.0345,2.15989,16.1451,"InviBed Tube",3],[64.3331,65.62,33.5574,93.2424,2.12375,"Kai Homed",4],[22.5882,65.6825,53.8978,1.59239,-1.34048,"Sedimentary",5],[16.3001,79.5274,74.6667,89.5235,1.23827,"Microsoft",6],[13.0333,65.62,123.799,24.5946,-5.57334,"Stationary",7],[116.064,65.6825,199.357,-0.689526,-8.40734,"Kudet",8],[99.111,65.62,198.748,36.1917,-12.6951,"Glitchss",9],[43.6154,65.62,197.63,90.3379,-7.83806,"N. ReaCore",10],[-31.963,73.3688,214.67,91.3908,2.97559,"CMYK()RGBW",11],[142.198,69.8688,165.055,270.393,6.6098,"Jungle house",12],[216.958,88.6188,212.897,266.486,18.8874,"Nyan Cat",13],[259.042,84.9392,130.581,276.607,42.3027,"DIVIL club",14],[332.581,91.6892,153.397,271.364,29.2008,"Hospital",15],[406.868,78.1892,117.772,214.98,22.6927,"Petca",16],[376.921,69.9392,232.313,-0.181496,32.0336,"Bla station",17],[163.398,124.62,14.5137,2071.83,-4.81809,"Skyhigh livings",18],[134.675,65.6825,0.955005,2160.13,5.21309,"Tour BlaBla",19],[95.0563,70.2517,39.4887,1980.24,6.17745,"OnePlus",20],[224.44,69.62,-129.795,2007.28,-8.94219,"Red Riding Hood",21],[157.007,124.62,43.1006,2429.6,2.4303,"MadDog Greget",22],[214.413,125.62,53.9482,2162.04,4.74197,"Cafe Cats02",23],[234.155,124.62,156.48,2067.91,4.6164,"Melon Falling",24],[-472.203,74.62,1133.94,628.036,-2.99544,"Mushroom F",25],[-952.268,64.62,1265.89,1474.34,1.80512,"Ikea new",26],[252.944,71.62,51.9111,684.846,-5.55772,"RopotTuPot",27],[95.0084,75.9938,51.2917,539.335,90,"ArgaphFace",28],[94.3138,75.9938,51.4286,548.214,86.1436,"Argaphi",29],[182.054,124.62,-2.34059,900.188,3.95664,"Top Balcon",30],[215.506,129.62,-19.4704,1440.21,-4.31004,"WieHeiFall",31],[197.213,124.62,3.68631,1494.65,3.40483,"Miku Bed",32],[165.631,124.62,76.3338,1710.5,8.06726,"SkyHigh",33],[186.493,124.62,123.802,1800.56,0.735856,"The Cross",34],[242.476,113.627,141.941,1620.43,15.6563,"oldOnePlus",35]]
